1 1 1 1 1 1 1 1 1 1 1 1 1 1 1 1 1 1 1 1 1 1 1 1 1 1 1 1 1
238 153 238 194 211 217 204 167 21 150 212 237 190 240 237 150 235 241 240 237 173 239 194 217 16 204 217 240 204
239 154 239 195 212 218 205 164 20 149 213 238 187 243 238 149 236 242 243 238 172 236 195 218 17 205 218 241 205
240 155 240 196 213 219 206 165 19 148 214 239 188 242 239 148 237 243 242 239 171 237 196 219 18 206 219 242 206
241 148 241 197 214 220 207 170 18 155 215 240 185 237 240 155 238 236 237 240 170 242 197 220 19 207 220 243 207
242 149 242 198 215 221 208 171 17 154 216 241 186 236 241 154 239 237 236 241 169 243 198 221 20 208 221 244 208
243 150 243 199 216 222 209 168 16 153 217 242 183 239 242 153 240 238 239 242 168 240 199 222 21 209 222 245 209
244 151 244 200 217 223 210 169 15 152 218 243 184 238 243 152 241 239 238 243 167 241 200 223 22 210 223 246 210
245 144 245 201 218 224 211 158 30 143 219 244 181 249 244 143 242 248 249 244 166 246 201 224 23 211 224 247 211
246 145 246 202 219 225 212 159 29 142 220 245 182 248 245 142 243 249 248 245 165 247 202 225 24 212 225 248 212
247 146 247 203 220 226 213 156 28 141 221 246 179 251 246 141 244 250 251 246 164 244 203 226 25 213 226 249 213
248 147 248 204 221 227 214 157 27 140 222 247 180 250 247 140 245 251 250 247 163 245 204 227 26 214 227 250 214
249 140 249 205 222 228 215 162 26 147 223 248 177 245 248 147 246 244 245 248 162 250 205 228 27 215 228 251 215
250 141 250 206 223 229 216 163 25 146 224 249 178 244 249 146 247 245 244 249 161 251 206 229 28 216 229 252 216
251 142 251 207 224 230 217 160 24 145 225 250 175 247 250 145 248 246 247 250 160 248 207 230 29 217 230 253 217
252 143 252 208 225 231 218 161 23 144 226 251 176 246 251 144 249 247 246 251 159 249 208 231 30 218 231 254 218
253 168 253 209 226 232 219 150 6 167 227 252 173 1 252 167 250 0 1 252 190 254 209 232 255 219 232 255 219
254 169 254 210 227 233 220 151 5 166 228 253 174 0 253 166 251 1 0 253 189 255 210 233 0 220 233 0 220
255 170 255 211 228 234 221 148 4 165 229 254 171 3 254 165 252 2 3 254 188 252 211 234 1 221 234 1 221
0 171 0 212 229 235 222 149 3 164 230 255 172 2 255 164 253 3 2 255 187 253 212 235 2 222 235 2 222
1 164 1 213 230 236 223 154 2 171 231 0 169 253 0 171 254 252 253 0 186 2 213 236 3 223 236 3 223
2 165 2 214 231 237 224 155 1 170 232 1 170 252 1 170 255 253 252 1 185 3 214 237 4 224 237 4 224
3 166 3 215 232 238 225 152 0 169 233 2 167 255 2 169 0 254 255 2 184 0 215 238 5 225 238 5 225
4 167 4 216 233 239 226 153 255 168 234 3 168 254 3 168 1 255 254 3 183 1 216 239 6 226 239 6 226
5 160 5 217 234 240 227 142 14 159 235 4 165 9 4 159 2 8 9 4 182 6 217 240 7 227 240 7 227
6 161 6 218 235 241 228 143 13 158 236 5 166 8 5 158 3 9 8 5 181 7 218 241 8 228 241 8 228
7 162 7 219 236 242 229 140 12 157 237 6 163 11 6 157 4 10 11 6 180 4 219 242 9 229 242 9 229
8 163 8 220 237 243 230 141 11 156 238 7 164 10 7 156 5 11 10 7 179 5 220 243 10 230 243 10 230
9 156 9 221 238 244 231 146 10 163 239 8 161 5 8 163 6 4 5 8 178 10 221 244 11 231 244 11 231
10 157 10 222 239 245 232 147 9 162 240 9 162 4 9 162 7 5 4 9 177 11 222 245 12 232 245 12 232
11 158 11 223 240 246 233 144 8 161 241 10 159 7 10 161 8 6 7 10 176 8 223 246 13 233 246 13 233
12 159 12 224 241 247 234 145 7 160 242 11 160 6 11 160 9 7 6 11 175 9 224 247 14 234 247 14 234
13 248 13 225 242 248 235 6 182 247 243 12 29 145 12 247 10 144 145 12 14 142 225 248 175 235 248 15 235
14 249 14 226 243 249 236 7 181 246 244 13 30 144 13 246 11 145 144 13 13 143 226 249 176 236 249 16 236
15 250 15 227 244 250 237 4 180 245 245 14 27 147 14 245 12 146 147 14 12 140 227 250 177 237 250 17 237
16 251 16 228 245 251 238 5 179 244 246 15 28 146 15 244 13 147 146 15 11 141 228 251 178 238 251 18 238
17 244 17 229 246 252 239 10 178 251 247 16 25 141 16 251 14 140 141 16 10 146 229 252 179 239 252 19 239
18 245 18 230 247 253 240 11 177 250 248 17 26 140 17 250 15 141 140 17 9 147 230 253 180 240 253 20 240
19 246 19 231 248 254 241 8 176 249 249 18 23 143 18 249 16 142 143 18 8 144 231 254 181 241 254 21 241
20 247 20 232 249 255 242 9 175 248 250 19 24 142 19 248 17 143 142 19 7 145 232 255 182 242 255 22 242
21 240 21 233 250 0 243 254 190 239 251 20 21 153 20 239 18 152 153 20 6 150 233 0 183 243 0 23 243
22 241 22 234 251 1 244 255 189 238 252 21 22 152 21 238 19 153 152 21 5 151 234 1 184 244 1 24 244
23 242 23 235 252 2 245 252 188 237 253 22 19 155 22 237 20 154 155 22 4 148 235 2 185 245 2 25 245
24 243 24 236 253 3 246 253 187 236 254 23 20 154 23 236 21 155 154 23 3 149 236 3 186 246 3 26 246
25 236 25 237 254 4 247 2 186 243 255 24 17 149 24 243 22 148 149 24 2 154 237 4 187 247 4 27 247
26 237 26 238 255 5 248 3 185 242 0 25 18 148 25 242 23 149 148 25 1 155 238 5 188 248 5 28 248
27 238 27 239 0 6 249 0 184 241 1 26 15 151 26 241 24 150 151 26 0 152 239 6 189 249 6 29 249
28 239 28 240 1 7 250 1 183 240 2 27 16 150 27 240 25 151 150 27 255 153 240 7 190 250 7 30 250
29 8 29 241 2 8 251 246 166 7 3 28 13 161 28 7 26 160 161 28 30 158 241 8 159 251 8 31 251
30 9 30 242 3 9 252 247 165 6 4 29 14 160 29 6 27 161 160 29 29 159 242 9 160 252 9 32 252
31 10 31 243 4 10 253 244 164 5 5 30 11 163 30 5 28 162 163 30 28 156 243 10 161 253 10 33 253
32 11 32 244 5 11 254 245 163 4 6 31 12 162 31 4 29 163 162 31 27 157 244 11 162 254 11 34 254
33 4 33 245 6 12 255 250 162 11 7 32 9 157 32 11 30 156 157 32 26 162 245 12 163 255 12 35 255
34 5 34 246 7 13 0 251 161 10 8 33 10 156 33 10 31 157 156 33 25 163 246 13 164 0 13 36 0
35 6 35 247 8 14 1 248 160 9 9 34 7 159 34 9 32 158 159 34 24 160 247 14 165 1 14 37 1
36 7 36 248 9 15 2 249 159 8 10 35 8 158 35 8 33 159 158 35 23 161 248 15 166 2 15 38 2
37 0 37 249 10 16 3 238 174 255 11 36 5 169 36 255 34 168 169 36 22 166 249 16 167 3 16 39 3
38 1 38 250 11 17 4 239 173 254 12 37 6 168 37 254 35 169 168 37 21 167 250 17 168 4 17 40 4
39 2 39 251 12 18 5 236 172 253 13 38 3 171 38 253 36 170 171 38 20 164 251 18 169 5 18 41 5
40 3 40 252 13 19 6 237 171 252 14 39 4 170 39 252 37 171 170 39 19 165 252 19 170 6 19 42 6
41 252 41 253 14 20 7 242 170 3 15 40 1 165 40 3 38 164 165 40 18 170 253 20 171 7 20 43 7
42 253 42 254 15 21 8 243 169 2 16 41 2 164 41 2 39 165 164 41 17 171 254 21 172 8 21 44 8
43 254 43 255 16 22 9 240 168 1 17 42 255 167 42 1 40 166 167 42 16 168 255 22 173 9 22 45 9
44 255 44 0 17 23 10 241 167 0 18 43 0 166 43 0 41 167 166 43 15 169 0 23 174 10 23 46 10
45 216 45 1 18 24 11 230 214 215 19 44 253 177 44 215 42 176 177 44 238 174 1 24 207 11 24 47 11
46 217 46 2 19 25 12 231 213 214 20 45 254 176 45 214 43 177 176 45 237 175 2 25 208 12 25 48 12
47 218 47 3 20 26 13 228 212 213 21 46 251 179 46 213 44 178 179 46 236 172 3 26 209 13 26 49 13
48 219 48 4 21 27 14 229 211 212 22 47 252 178 47 212 45 179 178 47 235 173 4 27 210 14 27 50 14
49 212 49 5 22 28 15 234 210 219 23 48 249 173 48 219 46 172 173 48 234 178 5 28 211 15 28 51 15
50 213 50 6 23 29 16 235 209 218 24 49 250 172 49 218 47 173 172 49 233 179 6 29 212 16 29 52 16
51 214 51 7 24 30 17 232 208 217 25 50 247 175 50 217 48 174 175 50 232 176 7 30 213 17 30 53 17
52 215 52 8 25 31 18 233 207 216 26 51 248 174 51 216 49 175 174 51 231 177 8 31 214 18 31 54 18
53 208 53 9 26 32 19 222 222 207 27 52 245 185 52 207 50 184 185 52 230 182 9 32 215 19 32 55 19
54 209 54 10 27 33 20 223 221 206 28 53 246 184 53 206 51 185 184 53 229 183 10 33 216 20 33 56 20
55 210 55 11 28 34 21 220 220 205 29 54 243 187 54 205 52 186 187 54 228 180 11 34 217 21 34 57 21
56 211 56 12 29 35 22 221 219 204 30 55 244 186 55 204 53 187 186 55 227 181 12 35 218 22 35 58 22
57 204 57 13 30 36 23 226 218 211 31 56 241 181 56 211 54 180 181 56 226 186 13 36 219 23 36 59 23
58 205 58 14 31 37 24 227 217 210 32 57 242 180 57 210 55 181 180 57 225 187 14 37 220 24 37 60 24
59 206 59 15 32 38 25 224 216 209 33 58 239 183 58 209 56 182 183 58 224 184 15 38 221 25 38 61 25
60 207 60 16 33 39 26 225 215 208 34 59 240 182 59 208 57 183 182 59 223 185 16 39 222 26 39 62 26
61 232 61 17 34 40 27 214 198 231 35 60 237 193 60 231 58 192 193 60 254 190 17 40 191 27 40 63 27
62 233 62 18 35 41 28 215 197 230 36 61 238 192 61 230 59 193 192 61 253 191 18 41 192 28 41 64 28
63 234 63 19 36 42 29 212 196 229 37 62 235 195 62 229 60 194 195 62 252 188 19 42 193 29 42 65 29
64 235 64 20 37 43 30 213 195 228 38 63 236 194 63 228 61 195 194 63 251 189 20 43 194 30 43 66 30
65 228 65 21 38 44 31 218 194 235 39 64 233 189 64 235 62 188 189 64 250 194 21 44 195 31 44 67 31
66 229 66 22 39 45 32 219 193 234 40 65 234 188 65 234 63 189 188 65 249 195 22 45 196 32 45 68 32
67 230 67 23 40 46 33 216 192 233 41 66 231 191 66 233 64 190 191 66 248 192 23 46 197 33 46 69 33
68 231 68 24 41 47 34 217 191 232 42 67 232 190 67 232 65 191 190 67 247 193 24 47 198 34 47 70 34
69 224 69 25 42 48 35 206 206 223 43 68 229 201 68 223 66 200 201 68 246 198 25 48 199 35 48 71 35
70 225 70 26 43 49 36 207 205 222 44 69 230 200 69 222 67 201 200 69 245 199 26 49 200 36 49 72 36
71 226 71 27 44 50 37 204 204 221 45 70 227 203 70 221 68 202 203 70 244 196 27 50 201 37 50 73 37
72 227 72 28 45 51 38 205 203 220 46 71 228 202 71 220 69 203 202 71 243 197 28 51 202 38 51 74 38
73 220 73 29 46 52 39 210 202 227 47 72 225 197 72 227 70 196 197 72 242 202 29 52 203 39 52 75 39
74 221 74 30 47 53 40 211 201 226 48 73 226 196 73 226 71 197 196 73 241 203 30 53 204 40 53 76 40
75 222 75 31 48 54 41 208 200 225 49 74 223 199 74 225 72 198 199 74 240 200 31 54 205 41 54 77 41
76 223 76 32 49 55 42 209 199 224 50 75 224 198 75 224 73 199 198 75 239 201 32 55 206 42 55 78 42
